{
 "cells": [
  {
   "cell_type": "code",
   "execution_count": 123,
   "metadata": {},
   "outputs": [],
   "source": [
    "from gurobipy import *\n",
    "def solveur(M,D):\n",
    "\n",
    "    nbcont=(D+1)\n",
    "    nbvar=2*D+1\n",
    "\n",
    "    # Range of plants and warehouses\n",
    "    lignes = range(nbcont)\n",
    "    colonnes = range(nbvar)\n",
    "\n",
    "    # Matrice des contraintes\n",
    "    x=np.array([np.append(np.ones(D),0)]).T\n",
    "    E=np.hstack((M.T,np.eye(D)*-1))\n",
    "    \n",
    "    y=np.hstack((np.ones(D),np.zeros(D)))\n",
    "    a = np.hstack((x,np.vstack((E,y))))\n",
    "    print(a)\n",
    "    # Second membre\n",
    "    b = np.append(np.zeros(D),1).tolist()\n",
    "    print(b)\n",
    "    # Coefficients de la fonction objectif\n",
    "    c = np.zeros(2*D+1)\n",
    "    c[0]=1\n",
    "    c=c.tolist()\n",
    "    print(c)\n",
    "    m = Model(\"mogplex\")     \n",
    "\n",
    "    # declaration variables de decision\n",
    "    x = []\n",
    "    for i in colonnes:\n",
    "        x.append(m.addVar(vtype=GRB.CONTINUOUS, lb=0, name=\"x%d\" % (i+1)))\n",
    "    # maj du modele pour integrer les nouvelles variables\n",
    "    m.update()\n",
    "    obj = LinExpr();\n",
    "    obj = 0\n",
    "    for j in colonnes:\n",
    "        obj += c[j] * x[j]\n",
    "\n",
    "    # definition de l'objectif\n",
    "    m.setObjective(obj,GRB.MINIMIZE)\n",
    "\n",
    "    # Definition des contraintes\n",
    "    for i in lignes:\n",
    "        m.addConstr(quicksum(a[i][j]*x[j] for j in colonnes)>= b[i], \"Contrainte%d\" % i)\n",
    "\n",
    "    #RI\n",
    "\n",
    "\n",
    "    # Resolution\n",
    "    m.optimize()\n",
    "\n",
    "\n",
    "    print(\"\")                \n",
    "    print('Solution optimale:')\n",
    "    for j in colonnes:\n",
    "        print('x%d'%(j+1), '=', x[j].x)\n",
    "    print(\"\")\n",
    "    print('Valeur de la fonction objectif :', m.objVal)"
   ]
  },
  {
   "cell_type": "code",
   "execution_count": 126,
   "metadata": {},
   "outputs": [
    {
     "name": "stdout",
     "output_type": "stream",
     "text": [
      "[[ 1.          0.          0.375       0.22685185  0.05079733 -0.09655778\n",
      "  -0.21935371 -0.32168365 -0.40695859 -0.47802105 -0.53723976 -1.\n",
      "  -0.         -0.         -0.         -0.         -0.         -0.\n",
      "  -0.         -0.         -0.        ]\n",
      " [ 1.         -0.375       0.          0.19881687  0.11640518 -0.0136424\n",
      "  -0.12697902 -0.2215561  -0.30037082 -0.36604976 -0.42078221 -0.\n",
      "  -1.         -0.         -0.         -0.         -0.         -0.\n",
      "  -0.         -0.         -0.        ]\n",
      " [ 1.         -0.22685185 -0.19881687  0.          0.10027292  0.04524844\n",
      "  -0.0506845  -0.13813776 -0.21154793 -0.27274035 -0.32373424 -0.\n",
      "  -0.         -1.         -0.         -0.         -0.         -0.\n",
      "  -0.         -0.         -0.        ]\n",
      " [ 1.         -0.05079733 -0.11640518 -0.10027292  0.          0.04477462\n",
      "   0.00210627 -0.06984495 -0.1376064  -0.19498523 -0.24286099 -0.\n",
      "  -0.         -0.         -1.         -0.         -0.         -0.\n",
      "  -0.         -0.         -0.        ]\n",
      " [ 1.          0.09655778  0.0136424  -0.04524844 -0.04477462  0.\n",
      "   0.01365143 -0.02233152 -0.07749766 -0.13033689 -0.17547563 -0.\n",
      "  -0.         -0.         -0.         -1.         -0.         -0.\n",
      "  -0.         -0.         -0.        ]\n",
      " [ 1.          0.21935371  0.12697902  0.0506845  -0.00210627 -0.01365143\n",
      "   0.         -0.00336787 -0.03479023 -0.07799243 -0.11952406 -0.\n",
      "  -0.         -0.         -0.         -0.         -1.         -0.\n",
      "  -0.         -0.         -0.        ]\n",
      " [ 1.          0.32168365  0.2215561   0.13813776  0.06984495  0.02233152\n",
      "   0.00336787  0.         -0.01214184 -0.03983264 -0.07427341 -0.\n",
      "  -0.         -0.         -0.         -0.         -0.         -1.\n",
      "  -0.         -0.         -0.        ]\n",
      " [ 1.          0.40695859  0.30037082  0.21154793  0.1376064   0.07749766\n",
      "   0.03479023  0.01214184  0.         -0.01610149 -0.04045363 -0.\n",
      "  -0.         -0.         -0.         -0.         -0.         -0.\n",
      "  -1.         -0.         -0.        ]\n",
      " [ 1.          0.47802105  0.36604976  0.27274035  0.19498523  0.13033689\n",
      "   0.07799243  0.03983264  0.01610149  0.         -0.0172897  -0.\n",
      "  -0.         -0.         -0.         -0.         -0.         -0.\n",
      "  -0.         -1.         -0.        ]\n",
      " [ 1.          0.53723976  0.42078221  0.32373424  0.24286099  0.17547563\n",
      "   0.11952406  0.07427341  0.04045363  0.0172897   0.         -0.\n",
      "  -0.         -0.         -0.         -0.         -0.         -0.\n",
      "  -0.         -0.         -1.        ]\n",
      " [ 0.          1.          1.          1.          1.          1.\n",
      "   1.          1.          1.          1.          1.          0.\n",
      "   0.          0.          0.          0.          0.          0.\n",
      "   0.          0.          0.        ]]\n",
      "[0.0, 0.0, 0.0, 0.0, 0.0, 0.0, 0.0, 0.0, 0.0, 0.0, 1.0]\n",
      "[1.0, 0.0, 0.0, 0.0, 0.0, 0.0, 0.0, 0.0, 0.0, 0.0, 0.0, 0.0, 0.0, 0.0, 0.0, 0.0, 0.0, 0.0, 0.0, 0.0, 0.0]\n",
      "Optimize a model with 11 rows, 21 columns and 120 nonzeros\n",
      "Coefficient statistics:\n",
      "  Matrix range     [2e-03, 1e+00]\n",
      "  Objective range  [1e+00, 1e+00]\n",
      "  Bounds range     [0e+00, 0e+00]\n",
      "  RHS range        [1e+00, 1e+00]\n",
      "Presolve removed 1 rows and 10 columns\n",
      "Presolve time: 0.01s\n",
      "Presolved: 10 rows, 11 columns, 100 nonzeros\n",
      "\n",
      "Iteration    Objective       Primal Inf.    Dual Inf.      Time\n",
      "       0    0.0000000e+00   1.000000e+00   0.000000e+00      0s\n",
      "       7    0.0000000e+00   0.000000e+00   0.000000e+00      0s\n",
      "\n",
      "Solved in 7 iterations and 0.02 seconds\n",
      "Optimal objective  0.000000000e+00\n",
      "\n",
      "Solution optimale:\n",
      "('x1', '=', 0.0)\n",
      "('x2', '=', 0.0)\n",
      "('x3', '=', 0.17558046672332814)\n",
      "('x4', '=', 0.052937492634581564)\n",
      "('x5', '=', 0.0)\n",
      "('x6', '=', 0.7714820406420919)\n",
      "('x7', '=', 0.0)\n",
      "('x8', '=', 0.0)\n",
      "('x9', '=', 0.0)\n",
      "('x10', '=', 0.0)\n",
      "('x11', '=', 0.0)\n",
      "('x12', '=', 0.0)\n",
      "('x13', '=', 0.0)\n",
      "('x14', '=', 0.0)\n",
      "('x15', '=', 0.0)\n",
      "('x16', '=', 0.0)\n",
      "('x17', '=', 0.0)\n",
      "('x18', '=', 0.0)\n",
      "('x19', '=', 0.0)\n",
      "('x20', '=', 0.0)\n",
      "('x21', '=', 0.0)\n",
      "\n",
      "('Valeur de la fonction objectif :', 0.0)\n"
     ]
    }
   ],
   "source": [
    "M=array([[ 0.        , -0.375     , -0.22685185, -0.05079733,  0.09655778,\n",
    "         0.21935371,  0.32168365,  0.40695859,  0.47802105,  0.53723976],\n",
    "       [ 0.375     ,  0.        , -0.19881687, -0.11640518,  0.0136424 ,\n",
    "         0.12697902,  0.2215561 ,  0.30037082,  0.36604976,  0.42078221],\n",
    "       [ 0.22685185,  0.19881687,  0.        , -0.10027292, -0.04524844,\n",
    "         0.0506845 ,  0.13813776,  0.21154793,  0.27274035,  0.32373424],\n",
    "       [ 0.05079733,  0.11640518,  0.10027292,  0.        , -0.04477462,\n",
    "        -0.00210627,  0.06984495,  0.1376064 ,  0.19498523,  0.24286099],\n",
    "       [-0.09655778, -0.0136424 ,  0.04524844,  0.04477462,  0.        ,\n",
    "        -0.01365143,  0.02233152,  0.07749766,  0.13033689,  0.17547563],\n",
    "       [-0.21935371, -0.12697902, -0.0506845 ,  0.00210627,  0.01365143,\n",
    "         0.        ,  0.00336787,  0.03479023,  0.07799243,  0.11952406],\n",
    "       [-0.32168365, -0.2215561 , -0.13813776, -0.06984495, -0.02233152,\n",
    "        -0.00336787,  0.        ,  0.01214184,  0.03983264,  0.07427341],\n",
    "       [-0.40695859, -0.30037082, -0.21154793, -0.1376064 , -0.07749766,\n",
    "        -0.03479023, -0.01214184,  0.        ,  0.01610149,  0.04045363],\n",
    "       [-0.47802105, -0.36604976, -0.27274035, -0.19498523, -0.13033689,\n",
    "        -0.07799243, -0.03983264, -0.01610149,  0.        ,  0.0172897 ],\n",
    "       [-0.53723976, -0.42078221, -0.32373424, -0.24286099, -0.17547563,\n",
    "        -0.11952406, -0.07427341, -0.04045363, -0.0172897 ,  0.        ]])\n",
    "\n",
    "solveur(M,10)"
   ]
  },
  {
   "cell_type": "code",
   "execution_count": null,
   "metadata": {},
   "outputs": [],
   "source": []
  }
 ],
 "metadata": {
  "kernelspec": {
   "display_name": "Python 3",
   "language": "python",
   "name": "python3"
  },
  "language_info": {
   "codemirror_mode": {
    "name": "ipython",
    "version": 3
   },
   "file_extension": ".py",
   "mimetype": "text/x-python",
   "name": "python",
   "nbconvert_exporter": "python",
   "pygments_lexer": "ipython3",
   "version": "3.7.3"
  }
 },
 "nbformat": 4,
 "nbformat_minor": 2
}
